0 206
1 0
2 1
3 2
4 3
5 4
6 5
7 6
9 7
10 8
11 9
12 10
13 11
15 12
16 13
17 14
18 15
19 16
21 17
22 18
23 19
24 20
25 21
27 22
28 23
29 24
30 25
31 26
33 27
34 28
35 29
36 30
37 31
39 32
40 33
41 34
42 35
43 36
45 37
46 38
47 39
48 40
49 41
51 42
52 43
53 44
54 45
55 46
57 47
58 48
59 49
60 50
61 51
63 52
64 53
65 54
66 55
67 56
69 57
70 58
71 59
72 60
73 61
75 62
76 63
77 64
78 65
79 66
81 67
82 68
83 69
84 70
85 71
87 72
88 73
89 74
90 75
91 76
93 77
94 78
95 79
96 80
97 81
99 82
100 83
101 84
102 85
103 86
105 87
106 88
107 89
108 90
109 91
111 92
112 93
113 94
114 95
115 96
117 97
118 98
119 99
120 100
121 101
123 102
124 103
125 104
126 105
127 106
129 107
130 108
131 109
132 110
133 111
135 112
136 113
137 114
138 115
139 116
141 117
142 118
143 119
144 120
145 121
147 122
148 123
149 124
150 125
151 126
152 127
153 128
154 129
155 130
156 131
157 132
158 133
159 134
160 135
161 136
162 137
163 138
164 139
165 140
166 141
167 142
168 143
169 144
170 145
171 146
172 147
173 148
174 149
175 150
176 151
177 152
178 153
179 154
180 155
181 156
182 157
183 158
184 159
185 160
186 161
187 162
188 163
189 164
190 165
191 166
192 167
193 168
194 169
195 170
196 171
197 172
198 173
199 174
200 175
201 176
202 177
203 178
204 179
205 180
206 181
207 182
208 183
209 184
210 185
211 186
212 187
213 188
214 189
215 190
216 191
217 192
218 193
219 194
220 195
221 196
222 197
223 198
224 199
225 200
226 201
227 202
228 203
229 204
230 205
