0 291
2 39
4 52
8 58
13 50
16 55
18 67
20 68
22 69
23 72
26 73
28 77
31 101
33 102
39 107
41 8
43 109
44 7
45 0
47 2
48 1
49 124
52 3
53 4
54 5
56 131
62 138
65 88
71 143
75 149
76 150
82 6
91 9
92 11
95 13
96 12
99 10
101 14
102 190
107 17
108 15
109 16
114 19
115 18
117 20
123 22
125 26
127 28
128 29
131 216
139 21
140 23
141 24
142 25
144 27
145 30
147 220
149 256
151 275
153 222
155 277
156 258
158 262
160 266
161 31
162 32
165 249
166 251
168 252
169 254
173 283
176 33
177 34
178 35
179 36
180 37
181 38
182 40
183 41
184 42
185 43
186 44
187 45
188 46
189 47
190 48
191 49
192 51
193 53
194 54
195 56
196 57
197 59
198 60
199 61
200 62
201 63
202 64
203 65
204 66
205 70
206 71
207 74
208 75
209 76
210 78
211 79
212 80
213 81
214 82
215 83
216 84
217 85
218 86
219 87
220 89
221 90
222 91
223 92
224 93
225 94
226 95
227 96
228 97
229 98
230 99
231 100
232 103
233 104
234 105
235 106
236 108
237 110
238 111
239 112
240 113
241 114
242 115
243 116
244 117
245 118
246 119
247 120
248 121
249 122
250 123
251 125
252 126
253 127
254 128
255 129
256 130
257 132
258 133
259 134
260 135
261 136
262 137
263 139
264 140
265 141
266 142
267 144
268 145
269 146
270 147
271 148
272 151
273 152
274 153
275 154
276 155
277 156
278 157
279 158
280 159
281 160
282 161
283 162
284 163
285 164
286 165
287 166
288 167
289 168
290 169
291 170
292 171
293 172
294 173
295 174
296 175
297 176
298 177
299 178
300 179
301 180
302 181
303 182
304 183
305 184
306 185
307 186
308 187
309 188
310 189
311 191
312 192
313 193
314 194
315 195
316 196
317 197
318 198
319 199
320 200
321 201
322 202
323 203
324 204
325 205
326 206
327 207
328 208
329 209
330 210
331 212
332 211
333 213
334 214
335 215
336 217
337 218
338 219
339 221
340 223
341 224
342 225
343 226
344 227
345 228
346 229
347 230
348 231
349 232
350 233
351 234
352 235
353 236
354 237
355 238
356 239
357 240
358 241
359 242
360 243
361 244
362 245
363 246
364 247
365 248
366 250
367 253
368 255
369 257
370 259
371 260
372 261
373 263
374 264
375 265
376 267
377 268
378 269
379 270
380 271
381 272
382 273
383 274
384 276
385 278
386 279
387 280
388 281
389 282
390 284
391 285
392 286
393 287
394 288
395 289
396 290
