0.650754 0.00184696
0.666813 0.00188928
0.675635 0.00191297
0.701981 0.00198556
0.721575 0.00204134
0.735826 0.00208288
0.754513 0.00213858
0.763882 0.00216703
0.781579 0.00222174
0.803175 0.00229018
0.823369 0.00235587
0.839701 0.0024102
0.864848 0.00249593
0.870964 0.00251716
0.876957 0.00253811
0.878928 0.00254503
0.883406 0.00256081
0.884823 0.00256583
0.911113 0.00266026
0.924234 0.00270842
0.934725 0.00274742
0.942407 0.00277627
0.950442 0.00280669
0.969733 0.00288077
0.983669 0.00293521
1.00023 0.00300093
1.02572 0.00310421
1.0315 0.00312801
1.04883 0.00320011
1.06841 0.00328302
1.07102 0.00329419
1.07358 0.00330514
1.07897 0.00332836
1.08534 0.00335593
1.11014 0.00346483
1.12586 0.00353512
1.12975 0.00355267
1.14035 0.00360081
1.15045 0.00364708
1.18402 0.00380383
1.1951 0.00385653
1.1986 0.00387329
1.23293 0.00404022
1.24115 0.00408089
1.25684 0.00415931
1.2631 0.00419087
1.2641 0.0041959
1.27247 0.00423837
1.2833 0.00429371
1.28773 0.00431651
1.31067 0.0044357
1.31258 0.00444574
1.3346 0.00456232
1.33903 0.00458599
1.345 0.00461806
1.36188 0.00470947
1.36301 0.0047156
1.37148 0.00476195
1.39044 0.00486665
1.40049 0.00492276
1.40627 0.00495519
1.41626 0.00501158
1.42551 0.00506417
1.4303 0.00509154
1.43708 0.00513039
1.45153 0.00521392
1.45746 0.00524841
1.46532 0.00529433
1.46855 0.00531327
1.4829 0.00539798
1.49719 0.00548315
1.5039 0.00552345
1.52058 0.00562435
1.52726 0.00566504
1.53045 0.00568455
1.54009 0.00574377
1.56718 0.0059121
1.58521 0.00602581
1.58902 0.00604998
1.59126 0.00606421
1.59881 0.00611239
1.60904 0.00617801
1.6201 0.00624945
1.63241 0.00632952
1.64124 0.00638738
1.65139 0.0064542
1.65488 0.00647727
1.65943 0.00650745
1.67026 0.00657958
1.68476 0.00667685
1.69274 0.00673078
1.6996 0.00677733
1.70657 0.00682477
1.71217 0.0068631
1.72073 0.00692183
1.7361 0.00702809
1.74331 0.00707831
1.74985 0.00712398
1.75623 0.0071687
1.7624 0.0072121
1.77683 0.00731428
1.78768 0.0073916
1.80203 0.00749469
1.8097 0.00755003
1.81605 0.00759608
1.82231 0.00764166
1.82537 0.00766401
1.8419 0.00778525
1.84624 0.0078172
1.86746 0.00797485
1.87069 0.00799899
1.88152 0.0080803
1.88439 0.00810185
1.88881 0.00813524
1.90676 0.00827149
1.90857 0.00828531
1.91758 0.00835425
1.92622 0.00842069
1.92824 0.00843628
1.93501 0.00848853
1.95422 0.008638
1.96157 0.00869552
1.96207 0.00869946
1.96485 0.00872134
1.97184 0.00877632
1.97603 0.0088094
1.98055 0.00884518
1.98345 0.00886815
1.99697 0.00897583
1.9996 0.00899684
2.00179 0.00901433
2.01396 0.00911212
2.02324 0.00918701
2.0234 0.00918836
2.02917 0.0092351
2.03493 0.00928191
2.0459 0.00937148
2.04892 0.00939619
2.0598 0.00948557
2.06843 0.00955687
2.06865 0.00955866
2.0762 0.00962126
2.08075 0.00965909
2.08345 0.0096816
2.09194 0.00975244
2.10114 0.0098296
2.10692 0.00987826
2.11522 0.00994834
2.11956 0.00998514
2.13176 0.0100889
2.13884 0.0101493
2.14299 0.0101849
2.1467 0.0102167
2.15326 0.0102731
2.1658 0.0103815
2.16828 0.0104029
2.17273 0.0104415
2.17635 0.0104731
2.19023 0.0105943
2.19678 0.0106517
2.20198 0.0106975
2.21096 0.0107767
2.21604 0.0108218
2.22767 0.010925
2.2359 0.0109986
2.23909 0.0110271
2.24029 0.0110379
2.25563 0.0111758
2.2639 0.0112506
2.27055 0.0113108
2.27817 0.0113802
2.2852 0.0114444
2.28891 0.0114783
2.29403 0.0115253
2.29629 0.011546
2.30432 0.0116198
2.31248 0.0116952
2.31975 0.0117626
2.32546 0.0118156
2.33097 0.0118669
2.33908 0.0119427
2.34405 0.0119892
2.34798 0.0120261
2.3511 0.0120554
2.36118 0.0121504
2.3631 0.0121685
2.36926 0.0122268
2.38179 0.0123459
2.39176 0.0124411
2.40309 0.0125497
2.40652 0.0125828
2.4125 0.0126404
2.41605 0.0126747
2.42114 0.012724
2.42306 0.0127425
2.42907 0.0128008
2.44175 0.0129244
2.44553 0.0129613
2.4474 0.0129796
2.45509 0.013055
2.4608 0.0131111
2.46406 0.0131432
2.47451 0.0132465
2.48702 0.0133706
2.49092 0.0134095
2.49381 0.0134382
2.49622 0.0134623
2.49955 0.0134956
2.50651 0.0135652
2.50827 0.0135829
2.52003 0.0137012
2.52312 0.0137324
2.52799 0.0137816
2.53045 0.0138065
2.53899 0.013893
2.54642 0.0139686
2.54988 0.0140038
2.55676 0.0140741
2.57211 0.0142316
2.57394 0.0142504
2.57822 0.0142945
2.58202 0.0143338
2.5829 0.0143428
2.59131 0.0144299
2.59716 0.0144906
2.59988 0.0145189
2.6045 0.014567
2.61483 0.0146748
2.61902 0.0147186
2.62572 0.0147889
2.62731 0.0148056
2.63147 0.0148494
2.6366 0.0149035
2.63877 0.0149263
2.64593 0.015002
2.6477 0.0150208
2.65141 0.01506
2.65779 0.0151279
2.66126 0.0151647
2.66769 0.0152333
2.67481 0.0153094
2.68195 0.0153858
2.68694 0.0154394
2.68813 0.0154522
2.69159 0.0154895
2.69396 0.0155149
2.70233 0.0156053
2.70597 0.0156447
2.71657 0.0157597
2.71748 0.0157696
2.72556 0.0158574
2.72832 0.0158875
2.73064 0.0159129
2.73663 0.0159784
2.74414 0.0160608
2.748 0.0161032
2.74933 0.0161178
2.75431 0.0161725
2.75888 0.016223
2.7687 0.0163316
2.77662 0.0164194
2.77816 0.0164365
2.7861 0.0165249
2.79086 0.016578
2.79382 0.016611
2.79982 0.0166781
2.8048 0.016734
2.80986 0.0167908
2.8167 0.0168677
2.82061 0.0169118
2.82357 0.0169452
2.83553 0.0170806
2.83739 0.0171017
2.84591 0.0171986
2.84646 0.0172048
2.85533 0.017306
2.86406 0.0174059
2.8652 0.0174189
2.87358 0.0175151
2.87594 0.0175422
2.88282 0.0176214
2.89079 0.0177135
2.89135 0.0177199
2.89664 0.0177812
2.9058 0.0178875
2.91824 0.0180325
2.92181 0.0180741
2.92529 0.0181148
2.92811 0.0181478
2.93271 0.0182017
2.93394 0.0182162
2.94037 0.0182917
2.94243 0.018316
2.94677 0.0183671
2.95326 0.0184437
2.95667 0.0184839
2.96121 0.0185377
2.97445 0.0186949
2.98018 0.0187632
2.98136 0.0187772
2.98973 0.0188771
2.99372 0.0189249
2.99944 0.0189935
3.00379 0.0190457
3.00589 0.0190709
3.01243 0.0191496
3.01322 0.0191592
3.01984 0.0192391
3.03299 0.0193983
3.03507 0.0194234
3.03853 0.0194655
3.04139 0.0195002
3.04749 0.0195746
3.05072 0.019614
3.05573 0.0196752
3.05983 0.0197253
3.06316 0.0197661
3.06821 0.019828
3.07308 0.0198878
3.08104 0.0199858
3.08417 0.0200244
3.09353 0.02014
3.09583 0.0201685
3.09689 0.0201816
3.10082 0.0202304
3.10731 0.020311
3.11924 0.0204595
3.12399 0.0205188
3.12984 0.020592
3.13432 0.0206482
3.14209 0.0207457
3.14394 0.0207689
3.15169 0.0208666
3.15813 0.0209478
3.15845 0.0209518
3.1615 0.0209904
3.16843 0.0210781
3.17296 0.0211356
3.17668 0.0211828
3.18207 0.0212514
3.1828 0.0212607
3.19009 0.0213536
3.19405 0.0214041
3.19854 0.0214616
3.20172 0.0215023
3.20529 0.021548
3.20832 0.0215869
3.20913 0.0215972
3.22015 0.0217389
3.22233 0.0217671
3.22774 0.0218369
3.23073 0.0218755
3.2332 0.0219075
3.23704 0.0219571
3.24253 0.0220282
3.24984 0.0221232
3.25626 0.0222067
3.26649 0.0223401
3.2702 0.0223887
3.27241 0.0224176
3.28089 0.0225288
3.28452 0.0225763
3.29309 0.0226891
3.29491 0.0227132
3.29873 0.0227636
3.30592 0.0228585
3.31455 0.0229727
3.3195 0.0230384
3.31998 0.0230448
3.32384 0.0230961
3.32468 0.0231073
3.34005 0.0233121
3.34488 0.0233767
3.35116 0.0234609
3.35336 0.0234903
3.35932 0.0235703
3.36734 0.0236783
3.37077 0.0237245
3.37351 0.0237614
3.37803 0.0238224
3.38071 0.0238587
3.38342 0.0238954
3.38575 0.0239269
3.38909 0.0239722
3.39298 0.024025
3.3951 0.0240536
3.39761 0.0240878
3.40558 0.0241962
3.41276 0.0242942
3.41826 0.0243693
3.42634 0.02448
3.42952 0.0245235
3.43473 0.0245951
3.4404 0.024673
3.44281 0.0247062
3.44739 0.0247693
3.45613 0.02489
3.45854 0.0249233
3.46275 0.0249816
3.4662 0.0250294
3.46907 0.0250692
3.47556 0.0251593
3.48022 0.0252241
3.48581 0.0253021
3.49064 0.0253695
3.49335 0.0254073
3.49861 0.0254809
3.50148 0.025521
3.51032 0.025645
3.51074 0.0256509
3.51581 0.0257221
3.52389 0.0258359
3.5288 0.0259052
3.53792 0.026034
3.54154 0.0260854
3.546 0.0261486
3.55091 0.0262182
3.55509 0.0262776
3.55816 0.0263214
3.56303 0.0263907
3.56924 0.0264793
3.57438 0.0265527
3.5775 0.0265974
3.58439 0.0266961
3.58658 0.0267275
3.59041 0.0267825
3.59722 0.0268804
3.60249 0.0269562
3.60326 0.0269673
3.6043 0.0269823
3.60939 0.0270557
3.61605 0.0271521
3.62956 0.0273478
3.63305 0.0273985
3.63809 0.0274717
3.64507 0.0275734
3.65457 0.0277122
3.65647 0.02774
3.66515 0.027867
3.66913 0.0279254
3.67141 0.0279589
3.68012 0.0280869
3.68308 0.0281305
3.68613 0.0281755
3.69761 0.0283451
3.69987 0.0283785
3.70096 0.0283946
3.70466 0.0284494
3.71084 0.028541
3.71559 0.0286116
3.72158 0.0287007
3.72932 0.0288161
3.73226 0.0288599
3.7407 0.0289861
3.75021 0.0291286
3.75615 0.0292178
3.75806 0.0292464
3.76488 0.0293491
3.7698 0.0294232
3.77358 0.0294802
3.77571 0.0295125
3.78302 0.0296229
3.79333 0.0297792
3.79715 0.0298371
3.80753 0.029995
3.80847 0.0300093
3.81093 0.0300468
3.82311 0.0302328
3.82684 0.0302899
3.83192 0.0303677
3.83912 0.0304782
3.84242 0.0305289
3.84899 0.0306299
3.85264 0.0306862
3.85716 0.0307558
3.86322 0.0308495
3.86741 0.0309141
3.87271 0.0309962
3.87543 0.0310385
3.88333 0.0311609
3.88608 0.0312038
3.89486 0.0313403
3.89743 0.0313804
3.903 0.0314674
3.90471 0.031494
3.90612 0.0315161
3.90853 0.0315536
3.91941 0.031724
3.93057 0.0318992
3.93329 0.0319421
3.937 0.0320005
3.94737 0.032164
3.94998 0.0322052
3.95273 0.0322486
3.95598 0.0323001
3.96168 0.0323903
3.96354 0.0324198
3.97115 0.0325405
3.97736 0.0326393
3.98115 0.0326996
3.98647 0.0327844
3.99221 0.032876
3.99635 0.0329422
4.00298 0.0330483
4.00595 0.0330958
4.01097 0.0331764
4.01247 0.0332004
4.01913 0.0333073
4.02465 0.0333962
4.02811 0.0334519
4.02918 0.0334691
4.03386 0.0335446
4.04127 0.0336642
4.04817 0.0337759
4.05461 0.0338803
4.05726 0.0339232
4.06671 0.0340769
4.07182 0.03416
4.07935 0.0342828
4.08495 0.0343742
4.0896 0.0344502
4.09526 0.0345429
4.10312 0.0346717
4.10778 0.0347484
4.11078 0.0347976
4.11579 0.03488
4.121 0.0349659
4.12334 0.0350045
4.12877 0.0350941
4.1362 0.035217
4.13967 0.0352744
4.1476 0.0354058
4.15018 0.0354486
4.16403 0.035679
4.16613 0.035714
4.16933 0.0357673
4.17528 0.0358666
4.18206 0.0359799
4.191 0.0361296
4.19272 0.0361584
4.19963 0.0362745
4.20314 0.0363335
4.20875 0.0364278
4.21565 0.036544
4.22148 0.0366424
4.22545 0.0367095
4.23031 0.0367917
4.23596 0.0368874
4.23681 0.0369019
4.24802 0.037092
4.25046 0.0371336
4.25852 0.0372706
4.26114 0.0373154
4.27261 0.037511
4.2748 0.0375486
4.27734 0.0375919
4.28042 0.0376447
4.28573 0.0377357
4.29172 0.0378384
4.29874 0.037959
4.30479 0.0380632
4.3109 0.0381685
4.31436 0.0382281
4.32193 0.0383589
4.32526 0.0384165
4.33531 0.0385905
4.34254 0.0387161
4.34417 0.0387444
4.34899 0.0388282
4.35401 0.0389155
4.35875 0.0389982
4.37272 0.0392421
4.37771 0.0393295
4.38169 0.0393992
4.38518 0.0394604
4.39056 0.0395549
4.39531 0.0396383
4.39842 0.039693
4.40184 0.0397531
4.40888 0.0398773
4.41471 0.0399802
4.42306 0.0401278
4.42745 0.0402054
4.43583 0.040354
4.44012 0.0404302
4.44489 0.0405149
4.44752 0.0405617
4.45086 0.0406211
4.45815 0.0407511
4.47226 0.0410031
4.47477 0.0410479
4.48087 0.0411573
4.48152 0.0411689
4.48712 0.0412694
4.49441 0.0414002
4.49467 0.0414051
4.49918 0.0414862
4.503 0.0415548
4.5068 0.0416233
4.51216 0.0417201
4.51927 0.0418484
4.52988 0.0420405
4.53353 0.0421066
4.53925 0.0422105
4.54214 0.042263
4.54596 0.0423324
4.5597 0.0425826
4.56114 0.042609
4.56829 0.0427395
4.56979 0.0427668
4.58057 0.0429641
4.59065 0.0431491
4.59449 0.0432196
4.59834 0.0432904
4.60316 0.043379
4.60684 0.043447
4.61545 0.0436058
4.61762 0.0436458
4.62183 0.0437235
4.63211 0.0439139
4.63643 0.0439939
4.64348 0.0441248
4.6496 0.0442385
4.65863 0.0444067
4.66029 0.0444376
4.66222 0.0444736
4.66955 0.0446105
4.68185 0.0448404
4.69157 0.0450226
4.6964 0.0451134
4.69736 0.0451314
4.70011 0.045183
4.70556 0.0452857
4.70817 0.0453348
4.71066 0.0453817
4.72358 0.0456254
4.72921 0.0457319
4.73465 0.0458349
4.73647 0.0458694
4.73929 0.0459228
4.74862 0.0460998
4.75282 0.0461797
4.75473 0.0462161
4.76421 0.0463965
4.77054 0.0465172
4.77229 0.0465507
4.77553 0.0466125
4.781 0.0467171
4.78461 0.046786
4.787 0.0468319
4.79532 0.0469913
4.79895 0.047061
4.80216 0.0471226
4.80864 0.0472471
4.81584 0.0473857
4.81691 0.0474063
4.82171 0.0474989
4.82808 0.0476218
4.83483 0.0477524
4.83838 0.047821
4.84494 0.0479481
4.84959 0.0480382
4.85286 0.0481016
4.86146 0.0482687
4.86419 0.0483218
4.86662 0.0483691
4.86927 0.0484208
4.87611 0.0485541
4.88866 0.0487991
4.8906 0.0488371
4.89348 0.0488935
4.89931 0.0490077
4.90072 0.0490354
4.9142 0.0492999
4.92843 0.0495801
4.93031 0.0496172
4.93778 0.0497645
4.94405 0.0498885
4.94643 0.0499355
4.95154 0.0500367
4.95503 0.050106
4.9627 0.0502581
4.96619 0.0503274
4.97268 0.0504563
4.97442 0.050491
4.98159 0.0506337
4.99452 0.0508917
4.99747 0.0509507
4.99949 0.0509912
5.0035 0.0510713
5.018 0.0513619
5.02001 0.0514023
5.02239 0.0514502
5.02897 0.0515824
5.03366 0.0516768
5.04083 0.0518213
5.04289 0.0518628
5.04447 0.0518946
5.04944 0.0519951
5.05484 0.0521041
5.06169 0.0522428
5.06372 0.0522838
5.0814 0.0526427
5.08748 0.0527662
5.09436 0.0529065
5.10217 0.0530657
5.10561 0.0531359
5.11317 0.0532903
5.12048 0.05344
5.1225 0.0534815
5.12704 0.0535745
5.12748 0.0535834
5.13866 0.0538131
5.14019 0.0538447
5.16232 0.0543006
5.16534 0.0543629
5.1753 0.054569
5.17873 0.05464
5.1835 0.0547388
5.1845 0.0547595
5.19073 0.0548889
5.19409 0.0549586
5.19898 0.0550602
5.20626 0.0552118
5.21192 0.0553298
5.21345 0.0553617
5.21827 0.0554622
5.22852 0.0556764
5.23201 0.0557493
5.23526 0.0558175
5.24097 0.0559372
5.24502 0.056022
5.24821 0.0560891
5.25618 0.0562565
5.26436 0.0564286
5.27032 0.0565541
5.27707 0.0566966
5.28496 0.0568633
5.29208 0.0570139
5.29513 0.0570784
5.30533 0.0572947
5.30827 0.0573571
5.31123 0.05742
5.31454 0.0574902
5.32325 0.0576757
5.33149 0.0578512
5.3362 0.0579518
5.34988 0.0582441
5.35975 0.0584556
5.36542 0.0585772
5.36781 0.0586285
5.38054 0.0589022
5.38483 0.0589946
5.38992 0.0591043
5.39819 0.0592827
5.40405 0.0594093
5.41426 0.0596301
5.41631 0.0596745
5.41815 0.0597144
5.43271 0.0600305
5.44083 0.0602071
5.45539 0.0605243
5.46003 0.0606257
5.46667 0.0607708
5.46975 0.0608382
5.48287 0.0611257
5.48719 0.0612204
5.49353 0.0613597
5.4971 0.0614381
5.49969 0.0614951
5.50736 0.0616639
5.51363 0.0618021
5.51384 0.0618068
5.52634 0.0620829
5.53399 0.0622521
5.54211 0.0624319
5.55347 0.0626841
5.55642 0.0627495
5.56379 0.0629136
5.56689 0.0629824
5.57105 0.0630751
5.57498 0.0631627
5.59076 0.0635152
5.59301 0.0635655
5.59835 0.063685
5.60177 0.0637617
5.60592 0.0638548
5.6107 0.0639621
5.61795 0.0641248
5.62416 0.0642644
5.62985 0.0643924
5.63699 0.0645533
5.64646 0.0647672
5.65021 0.0648519
5.65972 0.0650671
5.66935 0.0652852
5.68943 0.0657414
5.69651 0.0659026
5.70619 0.0661235
5.71357 0.066292
5.71909 0.0664181
5.72529 0.06656
5.72874 0.0666391
5.73916 0.0668783
5.75239 0.0671823
5.75765 0.0673033
5.76479 0.0674679
5.7681 0.0675443
5.76833 0.0675495
5.77516 0.0677074
5.78068 0.0678349
5.78288 0.0678858
5.79343 0.06813
5.80644 0.0684319
5.81214 0.0685644
5.81482 0.0686265
5.81815 0.0687041
5.82398 0.0688398
5.83059 0.068994
5.8393 0.0691973
5.84417 0.0693109
5.85651 0.0695999
5.8653 0.0698058
5.87311 0.0699894
5.87791 0.0701021
5.8861 0.0702947
5.88666 0.0703081
5.89852 0.0705876
5.90419 0.0707214
5.91881 0.0710672
5.93606 0.0714762
5.94545 0.0716994
5.96486 0.0721618
5.97402 0.0723804
5.97791 0.0724734
5.98963 0.072754
5.99446 0.0728698
6.01295 0.0733139
6.02824 0.0736821
6.03137 0.0737575
6.0383 0.0739248
6.05109 0.0742341
6.05837 0.0744104
6.06195 0.0744973
6.06777 0.0746384
6.08147 0.0749713
6.08547 0.0750687
6.08657 0.0750955
6.10203 0.0754725
6.10373 0.075514
6.10704 0.0755948
6.11681 0.0758336
6.12185 0.0759569
6.1335 0.0762425
6.13509 0.0762815
6.14713 0.0765774
6.15429 0.0767536
6.16274 0.0769617
6.16584 0.0770381
6.17201 0.0771904
6.17507 0.077266
6.18912 0.0776135
6.19081 0.0776553
6.20011 0.0778858
6.20983 0.0781271
6.22012 0.0783828
6.23453 0.0787419
6.24219 0.078933
6.25058 0.0791426
6.25424 0.0792343
6.25772 0.0793212
6.26274 0.0794471
6.2686 0.0795938
6.2924 0.0801919
6.2966 0.0802976
6.30277 0.080453
6.30541 0.0805198
6.31652 0.0808002
6.31735 0.0808211
6.32378 0.0809836
6.32794 0.0810889
6.34363 0.0814866
6.34879 0.0816177
6.35607 0.0818027
6.36515 0.0820337
6.36845 0.0821178
6.37567 0.0823018
6.37984 0.0824082
6.3939 0.0827674
6.39406 0.0827714
6.40259 0.0829898
6.41106 0.0832069
6.41685 0.0833554
6.41888 0.0834076
6.43066 0.0837103
6.44773 0.0841499
6.45545 0.0843492
6.46297 0.0845435
6.46739 0.0846578
6.47009 0.0847278
6.48047 0.0849965
6.48211 0.085039
6.50307 0.0855834
6.50581 0.0856549
6.52469 0.0861469
6.53557 0.0864312
6.5404 0.0865574
6.54284 0.0866213
6.56005 0.0870723
6.56524 0.0872086
6.57343 0.0874237
6.58411 0.0877048
6.59437 0.0879754
6.59788 0.088068
6.60281 0.0881981
6.61394 0.0884924
6.62267 0.0887234
6.62762 0.0888545
6.63556 0.0890652
6.63677 0.0890974
6.64675 0.0893627
6.65236 0.0895118
6.66177 0.0897623
6.67819 0.0902004
6.68552 0.0903964
6.68612 0.0904126
6.6888 0.0904841
6.69911 0.0907601
6.70441 0.0909025
6.72783 0.0915315
6.73473 0.0917175
6.74652 0.0920353
6.77726 0.0928669
6.78291 0.0930202
6.78518 0.0930816
6.79409 0.0933237
6.79647 0.0933885
6.82026 0.0940363
6.82986 0.0942984
6.84184 0.0946262
6.85445 0.0949715
6.87791 0.095616
6.88485 0.0958069
6.925 0.0969159
6.92865 0.097017
6.93948 0.0973176
6.95707 0.0978063
6.96667 0.0980737
6.98908 0.0986993
6.98954 0.0987123
6.99508 0.0988672
6.99845 0.0989615
7.01136 0.0993231
7.02598 0.0997337
7.02718 0.0997676
7.02902 0.0998194
7.03598 0.100015
7.03786 0.100068
7.08393 0.101369
7.09368 0.101646
7.09936 0.101807
7.10236 0.101892
7.10553 0.101982
7.11254 0.102182
7.14257 0.103038
7.14785 0.103189
7.16076 0.103558
7.21125 0.10501
7.22159 0.105308
7.22602 0.105436
7.22972 0.105543
7.2379 0.10578
7.24267 0.105918
7.24493 0.105984
7.25507 0.106278
7.25853 0.106378
7.25977 0.106414
7.26432 0.106546
7.27203 0.10677
7.28139 0.107043
7.2853 0.107157
7.29944 0.107569
7.30476 0.107725
7.31023 0.107885
7.3128 0.10796
7.32731 0.108385
7.36968 0.109631
7.37222 0.109705
7.38116 0.109969
7.39294 0.110317
7.4132 0.110917
7.42059 0.111137
7.42115 0.111153
7.48566 0.113077
7.48679 0.11311
7.49856 0.113463
7.51543 0.11397
7.52597 0.114287
7.5503 0.115021
7.55563 0.115182
7.57484 0.115763
7.58235 0.115991
7.58672 0.116123
7.59732 0.116445
7.61784 0.11707
7.633 0.117532
7.65806 0.118299
7.66326 0.118458
7.68161 0.119021
7.69524 0.119441
7.71553 0.120066
7.726 0.120389
7.72714 0.120425
7.7306 0.120532
7.73171 0.120566
7.7505 0.121148
7.75282 0.12122
7.78018 0.12207
7.78613 0.122255
7.81067 0.123021
7.8182 0.123256
7.82468 0.123459
7.82769 0.123553
7.83535 0.123793
7.84008 0.123941
7.84407 0.124067
7.85318 0.124353
7.85898 0.124535
7.86293 0.124659
7.88261 0.125279
7.90667 0.126039
7.9107 0.126166
7.96797 0.127985
7.97406 0.12818
7.99012 0.128692
8.0014 0.129053
8.00746 0.129247
8.0278 0.1299
8.03419 0.130105
8.05043 0.130627
8.05273 0.130701
8.05817 0.130877
8.08719 0.131814
8.14869 0.133811
8.19225 0.135235
8.2056 0.135673
8.20875 0.135777
8.27009 0.137798
8.30969 0.139112
8.33106 0.139823
8.33209 0.139857
8.37756 0.141377
8.46599 0.144356
8.4772 0.144736
8.52384 0.146322
8.52491 0.146359
8.53651 0.146755
8.54429 0.147021
8.54563 0.147066
8.58387 0.148377
8.63282 0.150062
8.63567 0.150161
8.64133 0.150356
8.65425 0.150803
8.68896 0.152008
8.69502 0.152218
8.69983 0.152386
8.7008 0.15242
8.71066 0.152763
8.71218 0.152816
8.75009 0.15414
8.80941 0.156224
8.81223 0.156323
8.85651 0.157888
8.87229 0.158448
8.87485 0.158538
8.92643 0.160375
8.92794 0.160429
8.95249 0.161307
9.00271 0.163111
9.00405 0.163159
9.0255 0.163933
9.03735 0.164361
9.08961 0.166256
9.09412 0.16642
9.17925 0.169532
9.18777 0.169845
9.19211 0.170004
9.19503 0.170112
9.19687 0.170179
9.23089 0.171433
9.26284 0.172615
9.26359 0.172643
9.30046 0.174012
9.31305 0.174481
9.31872 0.174692
9.34838 0.1758
9.50085 0.181549
9.5031 0.181634
9.5241 0.182434
9.56531 0.184007
9.56663 0.184058
9.57357 0.184323
9.57434 0.184353
9.57733 0.184468
9.58726 0.184848
9.59833 0.185273
9.60068 0.185363
9.71767 0.189884
9.84089 0.194705
9.97368 0.199969
10.0371 0.202509
10.038 0.202543
10.1383 0.206593
10.1643 0.207647
10.1648 0.207666
10.1779 0.208202
10.3153 0.213834
10.3161 0.213869
10.3873 0.216814
10.4175 0.218071
10.5492 0.223594
10.5816 0.224966
10.6105 0.226192
10.6315 0.227082
10.7067 0.230295
10.7377 0.231624
10.7455 0.231957
10.7464 0.231995
10.8271 0.235481
10.8293 0.235575
10.8301 0.23561
10.8421 0.236131
10.8452 0.236263
10.8811 0.237824
10.8827 0.237894
10.8836 0.237936
11.0806 0.246589
11.0819 0.246645
11.1842 0.251204
11.1847 0.251225
11.2258 0.253068
11.292 0.256052
11.2928 0.256086
11.4019 0.261042
11.6755 0.273671
11.6926 0.27447
11.7445 0.276906
11.8945 0.283996
12.1498 0.29628
12.1643 0.296982
12.2426 0.300808
12.2569 0.30151
12.3995 0.308545
12.6258 0.319875
12.6796 0.322595
12.685 0.322872
12.7977 0.328616
13.1775 0.348354
13.1807 0.348523
13.883 0.386553
13.9206 0.388639
14.1369 0.400785
15.1454 0.459873
15.6681 0.492097
15.6943 0.493743
